[0;38;5;255;48;5;138m▄[0;38;5;0;48;5;138m▀[0;38;5;0;48;5;137m▀[0;38;5;0;48;5;138m▀▀[0m
[0;38;5;237;48;5;255m▄▄[0;38;5;15;48;5;255m ▄▄[0;38;5;15;48;5;138m▄[0;38;5;255;48;5;138m▄[0;38;5;0;48;5;138m▀[0;38;5;0;48;5;137m▀▀[0m
[0;38;5;238;48;5;235m [0;38;5;238;48;5;180m▀[0;38;5;239;48;5;237m▄[0;38;5;237;48;5;237m▄[0;38;5;15;48;5;237m▀[0;38;5;138;48;5;255m     [0;38;5;138;48;5;15m▀▀[0;38;5;138;48;5;188m▀[0;38;5;137;48;5;0m▄[0m
[0;38;5;174;48;5;237m [0;38;5;174;48;5;180m [0;38;5;174;48;5;181m▄[0;38;5;234;48;5;181m▀[0;38;5;237;48;5;233m▀[0;38;5;235;48;5;238m▀▀[0;38;5;255;48;5;235m▀[0;38;5;15;48;5;235m▀[0;38;5;15;48;5;234m▀[0;38;5;15;48;5;233m▀[0;38;5;255;48;5;234m▀[0;38;5;255;48;5;235m▀▀[0;38;5;234;48;5;137m▄[0;38;5;234;48;5;0m▄[0m
[0;38;5;235;48;5;255m▀[0;38;5;59;48;5;234m▀[0;38;5;174;48;5;137m█▀[0;38;5;180;48;5;138m▀[0;38;5;233;48;5;223m▀[0;38;5;239;48;5;234m▀[0;38;5;239;48;5;238m▀▀  [0;38;5;239;48;5;240m▀[0;38;5;235;48;5;240m  [0;38;5;235;48;5;239m ▀[0;38;5;240;48;5;234m▄▄[0;38;5;0;48;5;234m▀[0;38;5;0;48;5;233m▀[0m
[0;38;5;234;48;5;255m [0;38;5;234;48;5;235m▀[0;38;5;174;48;5;137m▀[0;38;5;223;48;5;181m▄▄[0;38;5;223;48;5;237m▀[0;38;5;234;48;5;137m▀[0;38;5;237;48;5;233m▀[0;38;5;237;48;5;238m█  [0;38;5;237;48;5;237m▀[0;38;5;240;48;5;238m▀[0;38;5;240;48;5;239m▀ ▄█▀[0;38;5;237;48;5;239m [0;38;5;237;48;5;238m▄[0;38;5;233;48;5;238m▀[0;38;5;0;48;5;233m▀[0m
[0;38;5;237;48;5;255m [0;38;5;237;48;5;235m▀[0;38;5;137;48;5;238m▀[0;38;5;237;48;5;237m ███▄[0;38;5;239;48;5;237m     ▀[0;38;5;240;48;5;238m▀[0;38;5;237;48;5;237m [0;38;5;237;48;5;239m▄[0;38;5;237;48;5;237m▀█▀[0;38;5;238;48;5;237m▀[0;38;5;234;48;5;237m▀[0;38;5;233;48;5;238m▀▀[0;38;5;238;48;5;233m▄[0;38;5;235;48;5;233m▄▄▄[0;38;5;234;48;5;233m▄[0;38;5;233;48;5;233m▀[0m
[0;38;5;232;48;5;233m▀[0;38;5;238;48;5;237m▀[0;38;5;237;48;5;237m  ▀████▄ ▀▀[0;38;5;237;48;5;255m▀[0;38;5;237;48;5;237m▄██▀[0;38;5;237;48;5;232m███▀[0;38;5;235;48;5;181m▀▀▀[0;38;5;181;48;5;137m▀[0;38;5;174;48;5;181m▄[0;38;5;174;48;5;180m▀[0;38;5;174;48;5;232m▀[0;38;5;233;48;5;0m▀[0m
[0;38;5;230;48;5;254m▀[0;38;5;237;48;5;237m ▄[0;38;5;237;48;5;137m████▀[0;38;5;237;48;5;181m██▀[0;38;5;255;48;5;138m▄[0;38;5;255;48;5;188m▄▀[0;38;5;235;48;5;237m▄[0;38;5;237;48;5;237m▀▀[0;38;5;233;48;5;237m   ▀[0;38;5;180;48;5;234m▀[0;38;5;180;48;5;239m▀[0;38;5;137;48;5;181m▀[0;38;5;137;48;5;232m██▀[0;38;5;233;48;5;0m▀[0m
[0;38;5;181;48;5;254m▄[0;38;5;237;48;5;254m▀[0;38;5;237;48;5;235m▀[0;38;5;233;48;5;138m▀[0;38;5;233;48;5;232m▀[0;38;5;237;48;5;232m▀[0;38;5;238;48;5;137m▀[0;38;5;187;48;5;181m▀[0;38;5;237;48;5;254m▀[0;38;5;237;48;5;255m     [0;38;5;237;48;5;235m████████▄[0;38;5;137;48;5;235m▀[0;38;5;232;48;5;137m▄[0;38;5;232;48;5;0m▀[0m
[0;38;5;181;48;5;235m▀[0;38;5;254;48;5;187m▀[0;38;5;230;48;5;255m▀[0;38;5;232;48;5;255m  ▀[0;38;5;232;48;5;181m▀[0;38;5;188;48;5;232m▀[0;38;5;254;48;5;253m [0;38;5;254;48;5;255m▄[0;38;5;237;48;5;255m    [0;38;5;237;48;5;230m▀[0;38;5;237;48;5;59m▄[0;38;5;237;48;5;237m███▀[0;38;5;232;48;5;237m   [0;38;5;232;48;5;235m [0;38;5;232;48;5;233m▀[0m
[0;38;5;187;48;5;235m▄[0;38;5;187;48;5;237m▀[0;38;5;188;48;5;255m█▄[0;38;5;230;48;5;255m █▀[0;38;5;232;48;5;253m▀[0;38;5;230;48;5;253m ▄[0;38;5;188;48;5;253m▄[0;38;5;188;48;5;232m██▀[0;38;5;181;48;5;232m▀[0;38;5;232;48;5;237m▄▄▄[0;38;5;237;48;5;237m▄ ▀ ▀[0;38;5;235;48;5;187m [0;38;5;235;48;5;235m▀[0m
[0;38;5;230;48;5;187m▄[0;38;5;237;48;5;187m [0;38;5;237;48;5;239m▀[0;38;5;188;48;5;187m▄[0;38;5;230;48;5;187m [0;38;5;230;48;5;255m  [0;38;5;230;48;5;188m [0;38;5;230;48;5;255m▄█▀[0;38;5;254;48;5;253m▀[0;38;5;232;48;5;255m▀[0;38;5;15;48;5;255m   ▀[0;38;5;181;48;5;255m ▀[0;38;5;237;48;5;187m▀▀[0;38;5;237;48;5;181m▀[0;38;5;187;48;5;188m▄[0;38;5;187;48;5;235m▀[0;38;5;237;48;5;0m▀[0m
[0;38;5;230;48;5;187m▀[0;38;5;253;48;5;187m▀[0;38;5;188;48;5;239m█▄[0;38;5;188;48;5;237m▀[0;38;5;188;48;5;187m▀▀[0;38;5;188;48;5;59m▄[0;38;5;174;48;5;59m▀[0;38;5;181;48;5;137m▀[0;38;5;181;48;5;230m▀[0;38;5;187;48;5;255m   [0;38;5;187;48;5;254m▄[0;38;5;187;48;5;255m▄▄[0;38;5;187;48;5;188m▄█▀[0;38;5;187;48;5;137m▀[0;38;5;181;48;5;235m▀[0;38;5;234;48;5;0m▀[0m
[0;38;5;233;48;5;187m▄[0;38;5;181;48;5;187m   [0;38;5;181;48;5;235m█▄[0;38;5;181;48;5;234m▀[0;38;5;137;48;5;187m▀[0;38;5;59;48;5;187m▀[0;38;5;254;48;5;239m▀[0;38;5;253;48;5;187m   [0;38;5;253;48;5;237m▀[0;38;5;181;48;5;237m▀[0;38;5;235;48;5;187m▀[0;38;5;235;48;5;181m▀▀[0;38;5;181;48;5;237m▄[0;38;5;253;48;5;237m▄[0;38;5;232;48;5;237m [0m
[0;38;5;232;48;5;235m [0;38;5;232;48;5;232m▀[0;38;5;181;48;5;237m▀▀[0;38;5;181;48;5;187m██▀[0;38;5;237;48;5;187m▀▀▀▀[0;38;5;237;48;5;235m  [0;38;5;237;48;5;181m▄[0;38;5;187;48;5;181m▀[0;38;5;254;48;5;0m▀[0m  [0;38;5;181;48;5;237m▀[0;38;5;253;48;5;237m▀[0;38;5;0;48;5;237m▄[0m
[0;38;5;0;48;5;232m▄[0m   [0;38;5;0;48;5;237m▄▄[0;38;5;0;48;5;235m▄▄▄[0;38;5;0;48;5;237m▄▄[0m   [0;38;5;0;48;5;235m▄▄[0;38;5;0;48;5;237m▄[0m

[2m  Gohan, asleep on the job · this greeting
  is ~/.config/fosforo/banner-narrow.ans[0m
